0.000000000000000000e+00
-1.591334019999999905e+00
-3.661645159999999954e+00
-5.544363539999999979e+00
-7.563777809999999491e+00
-9.423697929999999445e+00
-1.148701291999999974e+01
-1.330747007999999987e+01
-1.535813044999999910e+01
-1.728368681999999978e+01
-1.932288455000000127e+01
-2.118760015000000152e+01
-2.309423324000000122e+01
-2.501374688000000290e+01
-2.705404027000000156e+01
-2.905860193000000180e+01
-3.103031357000000057e+01
-3.289692732000000319e+01
-3.478099402000000140e+01
-3.678713158000000050e+01
-4.078713158000000050e+01
