0.000000000000000000e+00
-1.591334019999999905e+00
-3.661645159999999954e+00
-5.544363539999999979e+00
-7.563777809999999491e+00
-9.423697929999999445e+00
-1.148701291999999974e+01
-1.330747007999999987e+01
-1.535813044999999910e+01
-1.728368681999999978e+01
-1.932288455000000127e+01
-2.118760015000000152e+01
-2.309423324000000122e+01
-2.501374688000000290e+01
-2.705404027000000156e+01
-2.905860193000000180e+01
-3.103031357000000057e+01
-3.289692732000000319e+01
-3.478099402000000140e+01
-3.678713158000000050e+01
-3.872751414999999753e+01
-4.059053851999999551e+01
-4.253273464000000104e+01
-4.447620325999999835e+01
-4.641578467999999447e+01
-4.836973064000000022e+01
-5.031700309000000004e+01
-5.225844264999999922e+01
-5.425410481000000118e+01
-5.621802719000000081e+01
-5.815833762999999834e+01
-6.012845990999999657e+01
-6.213714740999999719e+01
-6.405827331999999785e+01
-6.605766983000000891e+01
-6.794430703000000449e+01
-6.995960012000000461e+01
-7.193792940000000158e+01
-7.381686831000000382e+01
-7.578992727000000684e+01
-7.771718814999999836e+01
-7.960979165999999907e+01
-8.154641397000000325e+01
-8.346439811999999847e+01
-8.543284239000000468e+01
-8.736953782000000501e+01
-8.936095995000000869e+01
-9.136996677999999861e+01
-9.334396573000000785e+01
-9.525975664999999992e+01
